
strategic_region={
	id=10
	name="STRATEGICREGION_10"
	provinces={
		974 1629 1718 1810 2092 2321 2465 2783 2816 3199 3759 4352 4546 4608 4667 4710 4711 5018 5188 5243 5257 5312 5552 5705 5743 5760 5844 5884 5893 6071 6097 6447 6550 6588 6608 6618 6627 6868 6899 6902 7053 7152 7174 7193 7465 7527 7717 7751 7895 7961 8088 8117 8119 8224 8299 8436 8457 8626 8660 9063 9114 9156 9174 9220 9363 9367 9369 9405 9444 9619 9625 9718 9729 9864 10240 10260 10282 10323 10353 10369 10424 10441 10484 10492 10493 10512 10517 10518 10524 10525 10528 10544 10546 10550 10554 10560 10575 10576 10577 10591 10608 10609 10611 10619 10630 10652 10656 10659 10674 10677 10682 10688 10697 10702 10708 10727 10734 10753 10754 10755 10764 10768 10776 10781 10786 10787 10810 10817 10828 10846 10859 10860 10865 10886 10889 10918 10924 15059 15060 15061 15062 15064 15065 
	}
	weather={
	}
}
