
strategic_region={
	id=120
	name="STRATEGICREGION_120"
	provinces={
		15174 15175 15179 15196 15198 15205 15206 15208 15232 15233 15235 15236 15250 15252 15258 15263 15269 15292 15312 15315 15318 15327 15334 15336 15344 15387 15402 15407 15413 15429 15447 15463 15469 15475 15501 15505 15516 15519 15528 15529 15555 15564 15580 15587 15595 15600 15601 15618 15619 15622 15636 15656 15674 15681 15707 15739 15740 15748 15750 15787 15795 15811 15839 15846 15865 15875 15881 15895 15913 15919 15927 15937 15949 15951 15961 15962 15982 15993 15996 16004 16025 16040 16041 16052 16061 16067 16070 16071 16081 16085 16149 16151 16167 16181 16188 16193 16226 16230 16246 16276 16282 16293 16295 16310 16326 16351 16355 16365 16375 16377 16383 16398 16404 16410 16419 16428 16432 16440 16480 16504 16517 16533 16557 16570 16576 16581 16591 16600 16620 16622 16623 16624 16636 16638 16649 16666 16673 16676 16687 16694 16697 16730 16740 16745 16769 16786 16796 16804 16809 16824 16839 16847 16875 16878 16893 16896 16915 16922 17071 17078 17084 17087 17092 17094 17095 17096 17102 17106 17107 17109 17122 17125 17126 17131 17139 17145 17147 17155 17174 17184 17195 17205 17211 17218 17219 
	}
	weather={
	}
}
