
strategic_region={
	id=131
	name="STRATEGICREGION_131"
	provinces={
		211 231 2233 2712 3327 3862 5224 5539 6125 8546 9087 9323 9672 10016 10027 10037 10046 15177 15182 15186 15199 15203 15215 15278 15283 15295 15299 15300 15302 15303 15310 15330 15346 15374 15397 15418 15419 15422 15461 15482 15493 15502 15507 15515 15539 15557 15573 15597 15607 15615 15632 15633 15638 15663 15699 15704 15705 15710 15728 15738 15741 15749 15759 15761 15764 15772 15799 15813 15814 15836 15845 15848 15878 15879 15883 15886 15892 15912 15915 15917 15926 15940 15975 15985 15986 16008 16009 16014 16017 16035 16054 16080 16088 16091 16097 16102 16119 16139 16159 16173 16186 16202 16206 16207 16210 16239 16252 16258 16261 16268 16269 16278 16307 16345 16353 16378 16399 16402 16448 16453 16464 16487 16506 16522 16565 16569 16575 16607 16610 16631 16644 16695 16699 16701 16703 16714 16723 16736 16743 16748 16767 16785 16794 16798 16836 16838 16848 16867 16882 16901 16908 16927 16932 16934 16966 16969 16970 16981 16990 16998 17004 17007 17011 17013 17021 17022 
	}
	weather={
	}
}
