
strategic_region={
	id=25
	name="STRATEGICREGION_25"
	provinces={
		825 1350 1411 1884 1906 2386 2500 2820 3263 3574 3631 3738 3823 3934 3999 4015 4744 4987 5216 5299 5399 5573 5793 6219 6228 6268 6861 6892 7143 7485 7542 7963 7979 8012 8050 8099 8247 8337 8384 8496 8518 8735 8846 9189 9376 9447 9634 10985 10990 11023 11025 11045 11046 11058 11063 11077 11094 11098 11099 11108 11112 11122 11125 11128 11129 11135 11138 11140 11153 11155 11158 11162 11181 11192 11193 11197 11202 11203 11204 11216 11221 11230 11235 11262 11265 11270 15040 15041 15042 15045 15049 15063 15081 15082 15087 15125 17381 17738 
	}
	weather={
	}
}
