
strategic_region={
	id=28
	name="STRATEGICREGION_28"
	provinces={
		609 725 921 1028 1188 2099 2177 2306 2747 2797 3022 3232 3305 3326 4623 4807 5429 5748 5808 6659 6700 6741 6765 6963 7046 7058 7177 7278 7361 7395 7689 7853 7854 7980 8065 8557 8914 8949 9450 9524 9534 11028 11059 11070 11071 11083 11084 11095 11117 11130 11131 11133 11139 11145 11149 11167 11168 11173 11176 11182 11187 11206 11207 11213 11217 11218 11222 11232 11236 11246 11251 11267 11293 11299 11306 15085 17378 
	}
	weather={
	}
}
