
strategic_region={
	id=29
	name="STRATEGICREGION_29"
	provinces={
		135 255 459 807 1082 1161 1200 1327 1487 1879 2340 2388 2542 2596 2661 2921 3025 3332 3369 3379 3529 3539 3686 3708 3888 3938 4198 4374 4386 4427 4462 4489 4690 4806 4839 4929 4958 5292 5315 5522 5569 5735 6051 6162 6163 6185 6221 6574 6792 6828 6917 7368 7422 7480 7552 7571 7601 7750 7879 7887 8248 8335 8341 8573 8686 8800 8822 8863 8968 8996 8999 9062 9068 9084 9086 9356 9563 9732 9803 9899 11205 11227 11231 11250 11266 11268 11286 11301 11316 11324 11330 11331 11335 11341 11348 11361 11362 11366 11372 11382 11386 11389 11398 11405 11408 11410 11411 11425 11430 11437 11438 11443 11445 11446 11451 11462 11466 11469 11474 11482 11489 11493 11538 11539 11541 11544 11551 11559 11586 11587 11589 11594 11595 11630 11634 11644 11654 11660 11669 11670 11678 11689 11698 11718 11734 11751 11752 11789 11846 11856 15077 15078 15084 15086 15103 15113 15117 15119 17390 17394 17396 
	}
	weather={
	}
}
