
strategic_region={
	id=3
	name="STRATEGICREGION_3"
	provinces={
		2737 3896 4653 5183 5247 5627 5939 6101 6261 6430 7377 7628 7790 7825 8609 8637 9205 9396 9580 9731 10378 10391 10398 10418 10429 10440 10464 10471 10482 10491 10495 10496 10508 10509 10520 15066 17572 17574 17578 17581 17582 17583 17584 17585 17593 17594 17599 17600 17603 17605 17606 17609 17612 17613 17614 17615 17617 17619 17620 17621 17623 17624 17625 17626 17629 17630 17635 17638 17639 17640 17641 17645 17648 17649 17650 17651 17652 17653 17658 17660 17663 17666 17669 17670 17677 17682 17683 17686 17693 17694 17695 17699 
	}
	weather={
	}
}
