
strategic_region={
	id=33
	name="STRATEGICREGION_33"
	provinces={
		2 573 713 1006 1026 1040 1086 1091 1471 1621 1700 1830 2026 2108 2399 2405 2672 2749 2751 2826 3065 3306 3364 3516 3577 3767 3818 3855 3878 3912 4092 4204 4288 4453 4904 4982 4998 5028 5138 5223 5232 5238 5386 5465 5560 5584 5692 5746 5806 6014 6044 6295 6340 6497 6661 6719 6791 6801 7045 7119 7137 7408 7535 7581 7691 7818 7943 8022 8221 8260 8492 8704 8763 8898 9133 9191 9247 9370 9400 9449 9466 9480 9584 9666 9715 9716 9743 9877 10665 10672 10685 10699 10713 10716 10719 10729 10730 10748 10749 10773 10778 10782 10793 10800 10803 10811 10816 10824 10835 10840 10845 10848 10863 10874 10888 10890 10895 10905 10916 10917 10920 10923 10929 10932 10937 10945 10946 10952 10959 10967 10982 10992 11013 11016 11034 11038 11041 17357 17361 17363 
	}
	weather={
	}
}
