
strategic_region={
	id=34
	name="STRATEGICREGION_34"
	provinces={
		390 764 938 1066 1130 1195 1421 1513 1658 1721 2063 2282 2303 2586 2822 2859 2865 2867 2876 2977 2984 3407 3629 3665 3677 3833 4113 4155 4207 4450 4460 4484 4487 4726 4754 4768 5036 5239 5250 5252 5366 5403 5499 5577 5889 6046 6133 6189 6231 6320 6462 6638 6973 7080 7212 7260 7420 7522 7524 7559 7562 7572 7605 7792 8026 8029 8220 8866 9144 9308 9591 9702 9709 9714 9842 10821 10825 10833 10864 10881 10896 10903 10906 10907 10935 10947 10953 10974 10995 11014 11021 11024 11039 11042 11047 11049 11069 11072 11079 11110 11118 11141 11148 11151 11154 11156 11178 11194 11208 11209 11247 11254 11258 11260 11280 11317 11336 11363 11364 11368 11383 15018 15021 17368 17375 
	}
	weather={
	}
}
