
strategic_region={
	id=36
	name="STRATEGICREGION_36"
	provinces={
		259 1065 1194 1467 1741 1823 2494 2693 3261 3316 3527 4211 4311 4399 4480 4598 4838 5068 5381 5385 5640 5950 6012 6038 6077 6099 6676 6697 6745 6921 6941 7475 7476 7764 8165 8211 8294 8442 8776 8985 9017 9362 9545 9609 9636 9802 11590 11635 11671 11708 11717 11728 11735 11736 11737 11742 11760 11768 11784 11794 11827 11842 11870 11874 11876 11882 11885 11899 11906 11907 11914 11919 11920 11944 11949 11959 11986 12008 12010 12019 12035 12062 12079 12111 14992 15001 17395 17398 
	}
	weather={
	}
}
