
strategic_region={
	id=4
	name="STRATEGICREGION_4"
	provinces={
		2559 2735 2735 3644 3644 5108 5108 5304 5304 5582 6426 6770 6770 8334 9218 9542 9542 9793 10574 10603 10629 10680 10725 10731 10732 10733 10742 10760 10763 15071 17508 17509 17510 17510 17514 17518 17519 17520 17520 17522 17523 17523 17524 17525 17525 17526 17526 17529 17530 17531 17531 17533 17534 17537 17538 17539 17540 17541 17544 17546 17548 17553 17554 17555 17556 17557 17561 17569 17571 17573 17575 17577 17579 17587 17590 17590 17595 17595 17597 17597 17602 17602 
	}
	weather={
	}
}
