
strategic_region={
	id=42
	name="STRATEGICREGION_42"
	provinces={
		8 27 50 55 153 157 158 213 215 215 269 298 322 322 374 384 421 496 510 543 584 602 608 615 677 688 775 784 898 1012 1055 1125 1132 1182 1225 1288 1346 1358 1391 1419 1437 1444 1568 1598 1614 1624 1624 1709 1856 1856 1873 1973 2029 2078 2081 2094 2128 2217 2219 2219 2268 2308 2355 2356 2478 2490 2523 2574 2611 2640 2653 2889 2969 3016 3059 3078 3086 3095 3095 3256 3304 3309 3471 3478 3570 3700 3748 3804 3842 3859 3921 3985 4019 4041 4143 4222 4236 4287 4362 4442 4442 4505 4649 4652 4825 4917 4917 4967 5180 5180 5222 5286 5294 5294 5346 5517 5579 5685 5695 5790 5815 5900 5902 5902 5909 5944 5951 6064 6119 6120 6300 6324 6341 6371 6394 6448 6511 6513 6632 6644 6790 6845 7015 7025 7025 7066 7103 7145 7181 7281 7289 7304 7318 7318 7352 7426 7570 7570 7850 7880 7951 8176 8255 8388 8587 8622 8622 8703 8831 8921 8930 8946 8997 9274 9526 9833 9873 9892 9896 9896 9902 9910 9950 9956 9962 9973 9977 9989 9991 10021 10025 10028 10045 10048 10049 10050 10061 10065 10068 10072 10074 10080 10081 10086 10093 10099 10100 10108 10114 10114 10125 10127 10128 10141 10141 10143 10157 10163 10163 10170 10171 10171 10176 17234 17247 17265 17266 17271 17272 17273 17276 17277 17279 17281 17282 17283 17287 17288 17290 17302 17303 17306 17309 17313 17316 17316 
	}
	weather={
	}
}
