
strategic_region={
	id=45
	name="STRATEGICREGION_45"
	provinces={
		29 138 179 394 435 509 774 951 955 1075 1158 1258 1340 1484 1623 1646 1703 1965 2009 2037 2041 2049 2335 2447 2578 2717 2748 2765 2878 3077 3164 3245 3251 3315 3390 3499 3536 3643 3674 3693 3814 3904 4014 4049 4141 4216 4285 4351 4408 4461 4466 4475 4573 4625 4698 4755 4956 5013 5043 5071 5144 5438 5657 5663 5716 6005 6013 6086 6306 6419 6437 6931 6990 7000 7051 7110 7308 7456 7641 7716 7913 8114 8126 8302 8365 8467 8515 8586 8595 8628 8861 8880 9007 9331 9414 9490 9557 9617 9720 9768 9804 9880 10174 10192 10210 10217 10219 10235 10236 10237 10241 10252 10262 10264 10277 10278 10279 10284 10296 10300 10301 10308 10309 10316 10320 10343 10344 10355 10356 10367 10370 10372 10381 10385 10394 10395 10410 10413 10421 10422 10446 10451 10460 10466 10467 10494 10516 10526 10547 10566 10595 10622 14971 15019 17320 17637 17642 17644 17646 17647 17655 17656 17659 17661 17664 17667 17671 17679 17684 17687 
	}
	weather={
	}
}
