
strategic_region={
	id=47
	name="STRATEGICREGION_47"
	provinces={
		44 250 263 437 544 580 1060 1061 1078 1100 1124 1162 1349 1435 1496 1519 1552 1596 1605 1632 1729 1858 1882 1898 2148 2313 2425 2457 2803 3429 3509 3545 3602 3625 3725 3870 3918 3925 4052 4150 4153 4234 4468 4587 4697 4869 4882 5077 5147 5153 5173 5244 5253 5376 5497 5730 5798 6111 6164 6281 6310 6481 6522 6551 6955 6987 7007 7330 7519 7795 7855 8060 8062 8118 8199 8201 8216 8312 8328 8412 8743 8832 9005 9070 9321 9395 9462 9606 9711 9786 10305 10321 10324 10331 10365 10366 10379 10403 10412 10468 10473 10490 10536 10537 10541 10571 10589 10605 10683 10691 10710 10761 10834 10836 10867 10913 10941 10956 10986 11006 11029 11096 11273 17333 17336 17348 17354 17371 
	}
	weather={
	}
}
