
strategic_region={
	id=49
	name="STRATEGICREGION_49"
	provinces={
		1 7 33 141 162 256 278 291 296 324 337 343 344 389 436 444 453 458 462 489 494 500 501 512 528 540 599 605 676 686 732 781 789 793 805 830 831 936 985 1007 1085 1099 1115 1117 1181 1186 1201 1221 1239 1251 1318 1338 1352 1389 1452 1457 1462 1526 1553 1560 1610 1648 1667 1692 1725 1727 1789 1791 1795 1897 1899 1930 1932 1955 1972 2014 2038 2054 2111 2163 2190 2192 2236 2252 2253 2256 2272 2294 2322 2376 2413 2473 2493 2537 2541 2547 2554 2592 2614 2643 2651 2652 2691 2709 2730 2893 2909 2911 2991 2997 3002 3058 3066 3108 3110 3230 3257 3288 3375 3376 3414 3427 3453 3507 3537 3550 3605 3614 3675 3757 3883 3907 3948 4000 4055 4060 4088 4160 4202 4256 4273 4291 4293 4310 4315 4318 4336 4344 4417 4426 4431 4481 4559 4561 4577 4585 4591 4681 4682 4683 4684 4722 4749 4796 4813 4834 4837 4846 4881 4913 4930 4986 4992 5006 5019 5020 5053 5055 5118 5127 5148 5317 5421 5433 5506 5613 5647 5766 5822 5861 5875 5901 5912 6018 6023 6032 6039 6201 6206 6240 6245 6385 6435 6543 6582 6591 6649 6658 6687 6753 6767 6934 6968 7018 7071 7100 7105 7118 7183 7186 7189 7195 7243 7249 7283 7286 7348 7405 7438 7443 7498 7561 7579 7620 7643 7658 7663 7695 7711 7739 7827 7892 7911 7924 7925 7948 8059 8063 8072 8084 8297 8503 8514 8615 8653 8746 8747 8827 8838 8972 8976 9065 9272 9324 9465 9521 9562 9623 9674 9755 9769 9921 9924 9927 9931 9939 9959 9961 9982 9983 9986 9992 9998 10013 10026 10032 10035 10047 10055 10056 10059 10060 10073 10085 10101 10103 10116 10139 10145 10155 10159 10161 10177 10186 10199 10202 10226 10227 10233 10234 10250 10254 10256 10258 10265 10268 10292 10306 10314 10325 10328 10347 10350 10357 10371 10376 10383 10384 10397 10399 10423 10452 10458 10498 10499 10507 10530 10542 10549 10553 10594 10673 10684 10714 10724 10775 17241 17245 17246 17250 17253 17257 17299 17301 17310 17311 17312 17314 17315 17322 17328 17332 17334 17335 17338 17339 17340 17343 17349 17351 17733 
	}
	weather={
	}
}
