
strategic_region={
	id=50
	name="STRATEGICREGION_50"
	provinces={
		4 20 34 37 68 70 73 84 86 88 91 101 145 200 210 218 235 237 244 246 247 251 277 287 348 365 438 476 492 519 534 547 550 554 594 600 612 614 630 634 636 648 659 668 670 671 683 716 762 771 777 796 811 816 829 834 835 860 875 914 948 995 1004 1048 1063 1087 1104 1112 1126 1153 1159 1189 1265 1322 1324 1339 1364 1368 1385 1433 1440 1453 1498 1511 1543 1627 1656 1657 1689 1696 1705 1711 1726 1733 1743 1748 1780 1803 1818 1820 1913 1918 1940 1943 1946 1979 2018 2022 2070 2077 2087 2098 2121 2129 2164 2214 2257 2273 2293 2298 2317 2346 2358 2365 2394 2427 2429 2448 2472 2499 2503 2530 2533 2597 2598 2645 2646 2664 2668 2679 2685 2695 2727 2734 2752 2754 2755 2762 2776 2800 2811 2902 2979 3010 3015 3019 3030 3048 3050 3060 3109 3118 3131 3132 3147 3151 3182 3185 3194 3217 3246 3254 3258 3294 3328 3338 3380 3392 3449 3463 3487 3514 3543 3546 3561 3566 3632 3640 3709 3729 3762 3768 3791 3801 3835 3848 3856 3877 3895 3943 3982 4011 4077 4098 4159 4174 4191 4217 4303 4346 4382 4389 4420 4429 4430 4516 4543 4581 4604 4610 4687 4745 4802 4880 4886 4901 4923 4980 4984 4997 5010 5039 5119 5131 5137 5142 5159 5182 5192 5197 5208 5211 5237 5241 5249 5285 5327 5337 5349 5372 5380 5424 5434 5477 5507 5563 5611 5630 5653 5680 5688 5709 5715 5726 5728 5771 5778 5807 5855 5856 5915 5985 6048 6092 6102 6237 6274 6292 6293 6294 6328 6353 6381 6416 6421 6475 6507 6512 6568 6604 6633 6715 6717 6740 6750 6789 6847 6853 6916 6956 6971 6979 7010 7104 7154 7171 7206 7217 7254 7290 7295 7312 7409 7412 7447 7468 7495 7520 7547 7597 7599 7617 7649 7680 7694 7720 7774 7810 7831 7866 7917 7935 8085 8298 8309 8353 8375 8413 8485 8568 8617 8634 8689 8752 8762 8765 8884 8911 8987 9036 9066 9082 9239 9253 9347 9412 9427 9507 9590 9627 9724 9730 9759 9765 9835 9876 9900 9911 9912 9913 9914 9915 9916 9917 9919 9920 9923 9925 9926 9936 9938 9941 9944 9951 9953 9957 9960 9963 9964 9965 9971 9974 9975 9985 9987 9999 10001 10006 10009 10015 10051 10052 10082 10113 10117 10126 10134 10137 10152 10153 10172 10178 10183 10184 10185 10188 10193 10195 10205 10206 10214 10215 10231 10249 10251 10261 10266 10269 10280 10281 10285 10293 10295 10297 10307 10311 10334 10351 10360 10377 10386 10400 10408 10428 10435 10443 10453 10455 10486 10487 10511 10515 10555 10557 10564 10579 10590 10596 10601 10615 10616 10634 10645 10651 10654 10706 10711 10718 10770 10791 10847 17238 17254 17259 17260 17261 17263 17264 17267 17268 17269 17274 17275 17326 17331 17337 
	}
	weather={
	}
}
