
strategic_region={
	id=51
	name="STRATEGICREGION_51"
	provinces={
		6 21 39 53 65 77 82 111 118 128 144 146 149 150 166 171 196 202 222 229 232 238 252 254 258 270 279 282 297 300 301 304 310 313 334 352 356 376 397 398 400 407 410 411 416 424 463 471 486 493 495 506 507 516 521 533 551 553 559 577 579 585 591 603 606 607 610 627 633 639 655 673 681 694 707 715 718 733 746 758 768 772 779 786 792 797 806 809 813 815 820 842 844 851 852 873 878 895 899 923 958 971 1000 1008 1024 1030 1034 1045 1069 1088 1107 1127 1142 1147 1166 1168 1178 1211 1213 1227 1235 1238 1244 1248 1270 1293 1332 1335 1348 1363 1373 1377 1384 1390 1398 1417 1418 1422 1443 1447 1463 1479 1489 1495 1507 1509 1515 1516 1541 1545 1555 1575 1581 1597 1601 1607 1612 1613 1636 1644 1652 1655 1663 1672 1682 1711 1716 1731 1734 1735 1755 1759 1777 1784 1809 1821 1826 1829 1832 1838 1841 1851 1859 1870 1904 1917 1945 1971 1993 2004 2044 2076 2096 2112 2124 2133 2197 2213 2221 2239 2244 2285 2292 2298 2307 2309 2317 2324 2330 2331 2333 2347 2363 2378 2393 2396 2402 2406 2416 2432 2433 2451 2467 2475 2491 2496 2515 2517 2535 2540 2545 2551 2564 2593 2642 2644 2655 2658 2662 2703 2704 2719 2721 2756 2780 2794 2823 2834 2854 2862 2900 2903 2912 2913 2923 2957 2970 2995 3033 3046 3088 3104 3112 3145 3148 3166 3175 3179 3191 3204 3220 3236 3264 3277 3282 3285 3297 3298 3301 3311 3312 3314 3321 3352 3359 3366 3368 3416 3450 3460 3472 3474 3481 3498 3512 3531 3588 3598 3601 3646 3648 3680 3752 3753 3754 3758 3778 3784 3788 3796 3839 3840 3852 3881 3882 3887 3910 3939 3952 3960 3963 3973 3974 3994 4009 4018 4027 4040 4081 4097 4101 4102 4105 4111 4118 4127 4152 4194 4213 4242 4262 4286 4335 4350 4372 4373 4375 4392 4403 4463 4467 4482 4485 4511 4520 4534 4548 4553 4574 4586 4592 4617 4668 4670 4701 4732 4748 4750 4756 4773 4790 4805 4826 4835 4840 4867 4902 4918 4926 4965 5031 5041 5047 5076 5102 5103 5105 5136 5170 5196 5206 5220 5225 5240 5248 5260 5266 5295 5300 5307 5336 5354 5358 5367 5379 5388 5392 5400 5476 5504 5510 5519 5529 5532 5622 5644 5669 5676 5706 5732 5755 5786 5788 5805 5851 5864 5882 5918 5926 5936 5953 5962 5998 6017 6034 6061 6083 6148 6180 6184 6191 6198 6216 6229 6243 6251 6257 6271 6279 6282 6298 6319 6334 6354 6415 6455 6463 6466 6477 6503 6505 6535 6538 6555 6558 6592 6648 6668 6698 6699 6723 6727 6746 6749 6777 6803 6815 6876 6896 6938 6944 6970 6976 6980 7006 7021 7023 7037 7040 7050 7055 7109 7116 7202 7213 7215 7235 7251 7259 7294 7306 7307 7326 7329 7353 7383 7389 7415 7434 7484 7487 7512 7525 7574 7597 7646 7648 7698 7707 7741 7758 7769 7828 7894 7897 7915 7940 7993 8001 8034 8082 8092 8104 8137 8146 8209 8218 8360 8378 8387 8414 8437 8438 8463 8482 8497 8509 8540 8560 8579 8629 8675 8680 8685 8687 8712 8739 8777 8810 8977 8981 9054 9078 9092 9097 9116 9147 9151 9155 9170 9207 9240 9268 9339 9360 9397 9413 9463 9468 9503 9531 9601 9603 9607 9681 9735 9763 9766 9785 9787 9796 9799 9812 9820 9863 9872 9904 9909 9918 9922 9928 9929 9930 9932 9934 9935 9937 9940 9942 9943 9945 9946 9947 9948 9949 9952 9954 9955 9958 9967 9968 9969 9970 9972 9976 9978 9979 9981 9984 9988 9993 9994 9995 9996 10003 10005 10007 10008 10010 10011 10012 10014 10018 10019 10022 10023 10029 10030 10033 10034 10036 10038 10039 10041 10043 10044 10053 10057 10058 10063 10064 10066 10069 10075 10076 10077 10083 10084 10088 10090 10092 10097 10098 10106 10109 10111 10115 10120 10131 10132 10135 10136 10142 10156 10164 10168 10180 10208 10216 10239 10243 10247 10255 10283 10285 10288 10317 10330 10332 10363 10386 10415 10417 10439 10443 10503 10504 10558 10628 10635 10693 10740 10823 10858 10909 10927 10971 10993 11055 11057 11170 11201 11214 11407 11429 11457 11465 11567 11628 15047 17226 17227 17232 17248 17255 17342 17345 17352 17353 17356 
	}
	weather={
	}
}
