
strategic_region={
	id=52
	name="STRATEGICREGION_52"
	provinces={
		18 51 62 76 90 92 96 97 127 132 161 188 191 214 262 274 309 362 385 386 401 404 431 490 497 538 604 622 625 631 665 693 749 794 853 854 863 876 882 894 916 937 1018 1049 1083 1108 1119 1141 1150 1176 1212 1222 1284 1317 1319 1362 1400 1442 1587 1611 1634 1669 1683 1697 1752 1762 1787 1811 1864 1869 1902 1909 1926 1959 1982 1996 2060 2079 2143 2150 2184 2194 2200 2209 2260 2287 2288 2296 2297 2369 2400 2407 2443 2453 2476 2488 2516 2525 2552 2568 2581 2698 2722 2723 2724 2793 2799 2835 2916 2941 3089 3100 3101 3103 3149 3159 3206 3286 3313 3329 3339 3342 3355 3395 3483 3488 3492 3493 3523 3563 3696 3703 3711 3731 3763 3765 3792 3800 3815 3885 3977 3979 3981 4016 4063 4066 4069 4128 4137 4206 4209 4321 4332 4347 4371 4397 4434 4492 4500 4515 4545 4584 4647 4706 4724 4760 4775 4900 4969 4985 5017 5117 5203 5227 5261 5276 5281 5309 5311 5322 5332 5340 5370 5374 5382 5398 5423 5468 5496 5543 5572 5641 5682 5684 5707 5814 5818 5827 5847 5866 5921 5979 6045 6135 6175 6235 6317 6322 6423 6473 6474 6476 6496 6553 6596 6629 6729 6735 6771 6781 6819 6823 6834 6844 6870 6890 6898 6915 6926 6929 6983 7136 7248 7252 7327 7406 7541 7619 7653 7722 7743 7755 8021 8198 8304 8311 8390 8458 8695 8700 8816 8844 8886 8924 8952 9130 9166 9168 9225 9237 9415 9511 9527 9649 9653 9691 9717 9889 10676 10745 10762 10792 10808 10841 10882 10887 10908 10921 10938 10961 10962 10964 10969 10975 10977 10978 10983 11019 11026 11030 11032 11053 11073 11086 11089 11101 11111 11157 11159 11184 11225 11233 11248 11261 11271 11274 11294 11311 11337 11345 11351 11355 11357 11374 11419 11423 11448 11449 11463 11477 11524 11525 11532 11540 11542 11545 11555 11572 11573 11576 11597 11601 11620 11621 11627 11637 11643 11651 11667 11680 11692 11713 11779 11785 11807 11824 11843 11854 11858 11871 11894 11900 11916 11917 11934 12040 12160 12233 17355 17358 17360 17364 17365 17366 17367 17369 17372 17373 17374 17376 
	}
	weather={
	}
}
