
strategic_region={
	id=55
	name="STRATEGICREGION_55"
	provinces={
		5 26 67 114 183 185 197 206 265 272 311 316 368 369 417 432 456 562 597 672 698 778 783 868 890 922 927 939 957 988 1022 1054 1059 1109 1122 1156 1199 1206 1208 1249 1255 1257 1282 1383 1386 1392 1483 1534 1561 1564 1565 1573 1574 1608 1639 1642 1756 1797 1827 1845 1862 1949 1951 2025 2034 2043 2069 2080 2125 2142 2145 2147 2170 2187 2254 2264 2423 2477 2562 2631 2632 2677 2739 2785 2824 2857 2884 2904 2933 3009 3043 3061 3081 3083 3099 3128 3130 3134 3170 3265 3266 3323 3430 3538 3548 3565 3582 3619 3621 3666 3669 3697 3718 3769 3793 3799 3812 3817 3880 3884 3929 3995 4007 4017 4175 4189 4235 4345 4378 4413 4432 4441 4443 4478 4503 4524 4600 4602 4615 4635 4644 4723 4742 4811 4816 4818 4824 4885 4910 5015 5083 5086 5106 5126 5133 5181 5207 5262 5328 5377 5389 5408 5475 5494 5555 5567 5592 5614 5666 5694 5729 5784 5785 5840 5846 5879 5934 6033 6060 6117 6132 6147 6187 6262 6337 6338 6395 6453 6489 6492 6567 6589 6625 6630 6639 6680 6694 6707 6751 6766 6779 6829 6837 6885 6995 7020 7096 7126 7147 7153 7155 7164 7300 7446 7505 7531 7551 7558 7636 7642 7770 7786 7839 7852 7867 7896 7930 7942 7964 8005 8035 8037 8041 8045 8100 8139 8243 8281 8284 8300 8306 8451 8471 8474 8488 8521 8545 8554 8601 8624 8651 8662 8672 8706 8767 8794 8799 8877 8896 8945 8967 8974 9023 9037 9047 9051 9052 9148 9161 9162 9172 9197 9249 9314 9351 9388 9538 9571 9622 9901 11210 11319 11369 11394 11409 11415 11416 11418 11440 11441 11453 11496 11517 11522 11530 11549 11553 11575 11579 11583 11610 11613 11617 11623 11624 11626 11641 11645 11649 11662 11663 11664 11666 11673 11686 11690 11694 11695 11700 11703 11704 11706 11712 11719 11726 11731 11746 11747 11754 11755 11770 11795 11796 11799 11817 11822 11823 11828 11829 11837 11851 11852 11853 11863 11865 11886 11908 11915 11921 11931 11932 11939 11945 11951 11965 11967 11968 11983 11987 11992 11993 11994 12011 12020 12025 12044 12047 12054 12055 12061 12068 12076 12080 12083 12084 12085 12090 12094 12101 12112 12115 12116 12119 12123 12132 12136 12141 12145 12168 12187 12194 12202 12220 12225 12227 12232 12236 12244 12250 12277 12285 12291 12306 12351 12392 12448 17225 17256 17379 17380 17382 17383 17387 17388 17389 17392 17393 17399 
	}
	weather={
	}
}
