
strategic_region={
	id=56
	name="STRATEGICREGION_56"
	provinces={
		13 112 122 209 487 817 861 919 930 946 966 1046 1067 1094 1096 1097 1169 1171 1190 1196 1233 1372 1374 1438 1458 1506 1569 1665 1773 1871 1872 1892 1900 1974 2010 2012 2024 2066 2140 2223 2258 2326 2328 2350 2410 2561 2628 2696 2821 2825 2853 2881 2927 3018 3032 3160 3196 3201 3276 3358 3476 3503 3544 3558 3567 3891 4046 4059 4080 4107 4134 4154 4193 4312 4341 4364 4414 4425 4528 4560 4736 4803 4809 4928 4951 4955 5042 5099 5191 5251 5258 5301 5371 5554 5575 5607 5609 5650 5690 5765 5774 5843 5940 5973 6146 6161 6166 6325 6432 6449 6506 6631 6732 6880 6882 6894 6907 6940 6964 7024 7163 7199 7222 7255 7331 7355 7471 7477 7481 7533 7565 7615 7701 7706 7734 7756 7779 7812 7863 7872 7965 8066 8079 8101 8103 8138 8195 8228 8233 8280 8404 8460 8473 8552 8596 8603 8606 8631 8721 8865 8875 8889 8934 9061 9212 9219 9279 9337 9430 9514 9517 9567 9662 9698 9744 9777 9893 12317 12355 12396 12401 12426 12428 12439 12441 12450 12461 12474 12484 12485 12514 12523 12529 12530 12535 12548 12562 12574 12591 12595 12598 12603 12604 12618 12630 12649 12673 12674 12712 12716 12717 12721 12745 12755 12769 12779 12782 12815 12816 12835 12846 12849 12850 12853 12855 12856 12858 12862 12864 12893 12900 12911 12953 12954 12982 12992 13024 13047 13079 13083 13094 13105 13143 13207 13440 13469 13473 13560 13609 13653 13660 14004 14086 14103 14110 14119 14160 17413 17428 17433 17435 17436 17445 17458 17464 
	}
	weather={
	}
}
