
strategic_region={
	id=57
	name="STRATEGICREGION_57"
	provinces={
		115 221 381 555 695 729 748 765 857 889 918 953 1242 1469 1594 1684 1790 1875 1994 2157 2206 2235 2334 2339 2531 2553 2641 2971 2982 3302 3334 3417 3426 3489 3604 3899 3962 4001 4091 4144 4180 4384 4409 4495 4579 4628 4752 5287 5308 5352 5462 5811 5873 5965 5970 6213 6291 6301 6357 6399 6863 6871 7134 7216 7358 7458 7578 7580 7595 7778 7811 8145 8232 8698 8709 8754 8897 8979 9200 9433 9448 9486 9522 9592 13785 13806 13817 13868 13884 13890 14174 14235 14259 14270 14292 14324 14330 14331 14336 14350 14369 14372 14384 14393 14411 14423 14427 14438 14439 14448 14450 14462 14465 14471 14479 14484 14492 14493 14495 14497 14513 14534 14538 14542 14580 14588 14592 14990 15002 15009 15149 
	}
	weather={
	}
}
