
strategic_region={
	id=62
	name="STRATEGICREGION_62"
	provinces={
		117 187 217 276 372 558 595 640 662 664 705 728 931 932 978 989 1017 1164 1234 1266 1287 1329 1405 1410 1482 1504 1588 1600 1659 1742 1747 1819 1981 2203 2512 2528 2638 2674 2708 2736 2819 2882 2948 2949 3137 3404 3413 3455 3579 3623 3636 3723 3844 3915 4140 4167 4215 4238 4264 4343 4388 4470 4493 4506 4532 4542 4637 4686 4849 4907 4919 4954 5037 5128 5204 5302 5342 5390 5397 5419 5431 5451 5460 5520 5590 5602 5629 5740 5769 5770 5826 5857 5963 6020 6031 6081 6104 6136 6140 6142 6172 6176 6208 6214 6241 6249 6252 6323 6369 6376 6386 6404 6461 6504 6621 6669 6689 6708 6722 6774 6784 6796 6807 6809 6818 6833 6859 6862 6872 6883 6948 6951 6986 7095 7223 7230 7262 7280 7367 7371 7394 7404 7441 7544 7567 7573 7607 7638 7665 7666 7668 7704 7736 7776 7824 7834 7899 7908 7931 7962 7968 7969 7977 7981 8027 8067 8086 8159 8231 8265 8293 8314 8338 8379 8410 8444 8454 8464 8513 8534 8550 8635 8697 8718 8741 8742 8748 8764 8812 8826 8830 8867 8966 9026 9049 9118 9164 9186 9281 9334 9338 9421 9435 9495 9582 9631 9638 9689 9779 9806 9839 9870 9905 9906 14072 14076 14082 14085 14087 14091 14092 14098 14099 14112 14114 14120 14121 14127 14128 14129 14136 14139 14140 14148 14155 14165 14166 14169 14170 14171 14173 14175 14189 14192 14193 14201 14208 14213 14214 14219 14221 14227 14228 14229 14230 14234 14236 14238 14239 14243 14244 14245 14247 14248 14251 14252 14253 14258 14260 14261 14262 14264 14266 14268 14274 14275 14277 14278 14280 14283 14284 14286 14287 14288 14289 14294 14297 14298 14300 14302 14305 14306 14307 14309 14310 14311 14312 14313 14315 14316 14317 14323 14325 14328 14332 14333 14337 14340 14344 14347 14351 14352 14354 14356 14357 14358 14362 14365 14367 14368 14374 14375 14378 14387 14388 14389 14390 14397 14398 14406 14413 14415 14416 14424 14428 14435 14436 14442 14449 14452 14458 14463 14467 14472 14480 14483 14487 14496 14498 14501 14508 14517 14524 14536 14537 14543 14545 14548 14549 14554 14560 14571 14572 14574 14579 14581 14585 14589 14591 14596 14598 14605 14607 14608 14609 14618 14621 14625 14632 14637 14638 14642 14645 14647 14648 14650 14651 14659 14667 14676 14682 14690 14693 14703 14720 14722 14724 14730 14741 14742 14743 14749 14755 14767 14784 14787 14792 14813 14817 
	}
	weather={
	}
}
