
strategic_region={
	id=63
	name="STRATEGICREGION_63"
	provinces={
		17 56 75 177 317 339 468 574 583 635 666 738 752 776 823 870 906 992 1044 1102 1137 1143 1220 1286 1395 1501 1532 1592 1599 1604 1688 1717 1732 1744 1745 1763 1786 1794 1895 1907 1925 1980 1986 2001 2028 2053 2130 2196 2305 2341 2381 2387 2392 2395 2403 2449 2514 2588 2612 2622 2758 2779 2782 2791 2809 2828 2868 2886 2908 2976 3027 3031 3144 3146 3400 3402 3423 3425 3461 3568 3572 3586 3610 3633 3645 3685 3690 3732 3739 3787 3834 3903 3951 3980 4010 4021 4022 4042 4048 4090 4125 4176 4184 4188 4252 4253 4260 4322 4338 4349 4377 4457 4539 4611 4626 4643 4718 4728 4738 4808 4829 4850 4877 4890 4932 4975 5022 5032 5045 5049 5070 5112 5116 5236 5284 5339 5344 5347 5348 5375 5420 5435 5457 5469 5480 5489 5500 5503 5533 5540 5549 5559 5564 5565 5600 5623 5631 5654 5678 5689 5725 5763 5858 5886 5927 5978 5987 5995 6026 6078 6082 6122 6223 6272 6316 6383 6384 6438 6458 6484 6616 6640 6653 6696 6724 6737 6761 6780 6794 6811 6832 6841 6933 6936 6972 6981 7036 7052 7064 7084 7097 7128 7130 7133 7148 7197 7210 7284 7296 7323 7324 7338 7366 7369 7374 7375 7413 7424 7428 7429 7450 7463 7479 7488 7516 7532 7554 7647 7725 7738 7772 7783 7797 7809 7816 7817 7819 7888 7901 7922 7923 7976 7994 8017 8038 8043 8068 8080 8083 8098 8107 8124 8175 8178 8181 8189 8197 8204 8234 8251 8261 8286 8288 8289 8308 8321 8325 8339 8345 8359 8369 8385 8393 8426 8452 8459 8469 8498 8505 8527 8531 8569 8600 8611 8612 8621 8638 8656 8658 8661 8667 8673 8790 8796 8807 8808 8820 8836 8871 8893 8928 8932 8933 8944 8971 8982 8994 9027 9033 9071 9076 9100 9163 9167 9199 9204 9227 9261 9288 9295 9318 9325 9329 9364 9477 9482 9501 9502 9504 9508 9540 9543 9550 9554 9566 9585 9633 9646 9657 9660 9669 9728 9740 9753 9757 9761 9783 9784 9813 9850 12686 12702 12750 12761 12789 12797 12818 12831 12860 12886 12895 12913 12991 12999 13008 13021 13027 13030 13035 13046 13050 13065 13066 13071 13084 13085 13086 13099 13100 13103 13107 13108 13113 13122 13123 13133 13141 13161 13169 13173 13176 13179 13186 13187 13190 13196 13208 13211 13216 13225 13228 13229 13241 13248 13268 13271 13281 13289 13291 13296 13307 13308 13309 13316 13317 13328 13339 13340 13342 13346 13347 13363 13365 13366 13370 13371 13372 13382 13385 13386 13397 13399 13400 13403 13406 13410 13411 13415 13421 13423 13426 13427 13429 13431 13433 13434 13442 13446 13447 13452 13461 13462 13463 13466 13476 13477 13483 13488 13493 13494 13501 13502 13505 13506 13507 13512 13513 13515 13518 13519 13520 13528 13534 13535 13536 13537 13539 13542 13543 13544 13545 13546 13555 13556 13559 13568 13569 13570 13574 13575 13581 13582 13583 13584 13589 13592 13593 13594 13595 13601 13602 13603 13606 13610 13613 13615 13623 13624 13626 13630 13638 13639 13640 13641 13647 13648 13657 13658 13662 13663 13669 13670 13671 13674 13675 13687 13691 13697 13700 13701 13706 13707 13711 13712 13713 13719 13720 13723 13726 13727 13730 13737 13738 13749 13751 13752 13764 13774 13780 13790 13791 13794 13797 13800 13807 13818 13822 13823 13824 13827 13828 13832 13839 13844 13846 13858 13867 13869 13872 13885 13886 13887 13892 13897 13898 13903 13907 13910 13913 13917 13918 13927 13930 13935 13940 13941 13946 13948 13955 13956 13959 13965 13966 13970 13973 13974 13981 13985 13986 13987 13996 13999 14000 14005 14026 14027 14028 14036 14049 14053 14054 14055 14064 14097 14108 14130 17439 
	}
	weather={
	}
}
