
strategic_region={
	id=68
	name="STRATEGICREGION_68"
	provinces={
		89 108 181 194 223 443 447 532 637 757 904 933 1070 1077 1092 1202 1214 1476 1782 1877 1908 1962 2057 2109 2141 2169 2269 2390 2464 2583 2676 2711 2763 2963 3153 3255 3269 3295 3385 3398 3519 3584 3970 4177 4185 4304 4390 4510 4567 4593 4677 4727 4770 5080 5432 5454 5456 5481 5580 5615 5624 5655 6212 6346 6544 6736 6764 7027 7102 7311 7518 7634 7686 7702 7868 7999 8183 8998 9093 9150 9825 12986 12997 13033 13042 13045 13064 13078 13117 13118 13125 13150 13155 13168 13247 13261 13356 13464 13492 13668 13673 13836 13909 
	}
	weather={
	}
}
