
strategic_region={
	id=7
	name="STRATEGICREGION_7"
	provinces={
		58 440 508 624 696 724 1151 1499 1505 1863 2391 2442 2946 3115 3228 3403 3533 3554 3569 3713 3984 4277 4325 4557 4562 4572 4874 4964 5005 5146 5186 5393 5427 5754 5852 5904 5996 6106 6171 6265 6601 6760 6975 7489 7555 7696 7723 7841 7859 7889 7995 8194 8230 8344 8355 8462 8483 8562 8597 8649 8853 8950 9110 9153 9171 9375 9723 9726 9778 9828 11160 11161 11212 11239 11240 11253 11257 11264 11279 11281 11284 11285 11290 11303 11304 11305 11307 11308 11312 11313 11321 11322 11323 11327 11339 11343 11353 11356 11359 11360 11370 11376 11377 11378 11392 11404 11422 11436 11458 11459 11460 11480 11481 11483 11487 11497 11503 11511 11512 11519 11527 11537 11550 11562 11563 11569 11574 11588 11605 11622 11647 17736 
	}
	weather={
	}
}
