
strategic_region={
	id=71
	name="STRATEGICREGION_71"
	provinces={
		71 178 370 503 527 537 541 663 719 801 808 1223 1259 1326 1441 1491 1586 1681 1817 1843 1844 1935 1970 2212 2234 2278 2300 2469 2534 2556 2585 2627 2635 2852 2931 2945 2975 3020 3124 3125 3203 3235 3351 3360 3386 3441 3468 3526 3593 3618 3728 3781 3803 3822 3879 3933 3964 3988 4089 4156 4163 4181 4214 4223 4284 4333 4439 4447 4599 4679 4685 4734 4878 4889 4961 5002 5060 5120 5149 5166 5313 5440 5448 5488 5490 5635 5749 5761 5797 5872 5906 5984 6069 6093 6129 6150 6151 6207 6232 6233 6405 6485 6523 6526 6595 6705 6773 6810 6930 6949 7019 7142 7203 7224 7264 7287 7363 7436 7453 7496 7497 7499 7515 7539 7604 7614 7657 7708 7714 7760 7789 7813 7845 7970 8018 8053 8071 8077 8187 8241 8259 8349 8354 8358 8465 8475 8499 8558 8561 8566 8589 8598 8610 8639 8707 8714 8736 8759 8775 8835 8883 8919 8922 8958 9031 9034 9064 9108 9124 9190 9195 9226 9231 9267 9340 9372 9418 9438 9446 9506 9536 9544 9547 9588 9604 9615 9687 9727 9758 9772 9843 9846 9869 9884 13358 13407 13449 13474 13481 13489 13490 13516 13521 13525 13529 13538 13549 13550 13557 13562 13590 13597 13598 13618 13642 13646 13649 13655 13659 13667 13680 13682 13708 13714 13724 13728 13733 13739 13740 13744 13745 13757 13758 13760 13761 13766 13768 13769 13773 13775 13776 13777 13781 13783 13792 13795 13798 13802 13808 13814 13815 13825 13833 13834 13835 13840 13841 13845 13849 13856 13863 13865 13873 13874 13877 13891 13893 13899 13900 13904 13911 13922 13925 13926 13928 13933 13942 13943 13952 13957 13960 13961 13962 13964 13982 13983 13989 13990 13991 14001 14002 14006 14013 14014 14017 14018 14022 14023 14031 14037 14043 14044 14058 14060 14066 14067 14069 14077 14078 14079 14083 14084 14088 14093 14095 14100 14123 14132 14133 14141 14149 14152 14156 14157 14161 14168 14176 14178 14179 14183 14184 14185 14186 14197 14202 14203 14209 14210 14222 14223 14232 14241 14246 14263 14265 14269 17483 
	}
	weather={
	}
}
