
strategic_region={
	id=73
	name="STRATEGICREGION_73"
	provinces={
		366 375 380 434 658 832 934 1079 1105 1134 1273 1276 1347 1454 1559 1620 1724 1807 1857 1914 1929 1958 1960 2051 2291 2336 2383 2426 2587 2729 2767 2887 2901 2999 3152 3200 3495 3755 3782 3863 3876 3906 4054 4099 4265 4309 4319 4619 4646 4680 4800 5361 5415 5484 5813 5838 6115 6250 6314 6440 6626 6893 6908 7106 7111 7232 7241 7258 7274 7364 7513 7631 7754 7761 7765 7858 7884 8093 8167 8223 8279 8407 8683 8828 8963 9045 9099 9112 9298 9311 9336 9789 9890 9897 12629 12634 12658 12680 12690 12694 12725 12729 12735 12742 12748 12768 12778 12806 12810 12872 12880 12884 12897 12903 12937 12947 12978 13002 13014 13038 13061 13068 13075 13137 13265 13413 13491 17728 17729 17730 17731 17732 
	}
	weather={
	}
}
