
strategic_region={
	id=74
	name="STRATEGICREGION_74"
	provinces={
		11 52 59 78 94 131 195 236 299 302 331 358 387 418 452 460 566 617 620 641 646 652 653 656 661 682 769 790 802 840 856 866 893 925 975 999 1009 1033 1111 1128 1133 1179 1218 1321 1330 1334 1357 1367 1376 1387 1424 1430 1460 1472 1497 1529 1546 1675 1701 1710 1767 1828 1855 1886 1953 2020 2055 2110 2160 2183 2228 2284 2286 2299 2536 2544 2582 2607 2636 2663 2667 2697 2718 2732 2766 2778 2787 2815 2827 2846 2914 2932 2993 3039 3051 3053 3072 3096 3127 3210 3284 3292 3372 3382 3391 3428 3447 3542 3556 3560 3673 3773 3798 3819 3874 4037 4056 4096 4132 4162 4258 4280 4365 4402 4406 4446 4490 4496 4504 4590 4609 4833 4981 5091 5268 5450 5474 5495 5505 5531 5700 5892 5954 5986 6194 6218 6254 6289 6333 6570 6576 6634 6782 6830 6869 7005 7009 7089 7263 7354 7356 7401 7459 7536 7699 7757 7844 8049 8128 8396 8405 8449 8494 8570 8671 8693 8729 8730 8900 9183 9254 9346 9392 9530 9549 9565 9655 12379 12380 12424 12425 12446 12455 12459 12460 12477 12498 12499 12505 12520 12541 12542 12572 12636 12645 12648 12654 12671 12672 12704 12743 12744 12749 12811 12840 12892 12898 12906 12940 12941 12990 13005 13053 13138 13195 13206 13250 13251 13315 13360 13377 13394 13408 13428 13456 13504 13608 13679 13695 13812 13831 13908 13938 13944 13969 14020 14205 
	}
	weather={
	}
}
