
strategic_region={
	id=77
	name="STRATEGICREGION_77"
	provinces={
		14 16 116 134 139 143 175 318 319 364 423 455 691 711 714 721 947 1010 1095 1243 1283 1388 1547 1550 1590 1720 1927 1956 2042 2271 2312 2750 2842 2863 3001 3071 3213 3303 3405 3431 3440 3692 3935 4168 4233 4248 4297 4556 4673 4864 5219 5325 5412 5455 5744 5895 6003 6483 6486 7044 7376 7610 7639 8135 8180 8313 8935 9357 9361 9368 9505 9560 9614 9852 10855 11580 13694 13843 13862 14061 14164 14177 14291 14295 14355 14363 14383 14385 14395 14414 14434 15056 17714 17723 17724 17725 17726 17727 
	}
	weather={
	}
}
