
strategic_region={
	id=78
	name="STRATEGICREGION_78"
	provinces={
		66 198 224 233 260 284 303 326 328 335 377 523 567 586 616 647 697 787 836 845 887 929 935 963 1001 1005 1021 1052 1103 1170 1272 1275 1279 1285 1351 1375 1431 1451 1478 1490 1493 1500 1537 1544 1557 1577 1578 1595 1606 1651 1666 1679 1694 1695 1719 1740 1753 1774 1779 1840 1865 1868 1905 1987 2017 2035 2052 2065 2179 2204 2211 2224 2225 2227 2249 2352 2362 2470 2502 2506 2557 2621 2639 2741 2764 2841 2871 2873 2883 2978 2988 2998 3073 3079 3093 3113 3154 3172 3177 3193 3215 3222 3249 3278 3310 3354 3484 3510 3590 3597 3606 3616 3642 3701 3726 3764 3790 3809 3810 3869 3871 3924 3947 3961 3966 3967 4172 4199 4227 4228 4237 4354 4421 4424 4499 4514 4517 4554 4603 4620 4629 4641 4674 4689 4714 4725 4751 4793 4801 4830 4844 4852 4858 4868 4888 4915 4927 4939 4953 4963 4989 5054 5065 5074 5094 5165 5201 5233 5269 5273 5278 5289 5291 5553 5556 5586 5626 5651 5723 5780 5787 5791 5802 5809 5810 5854 5865 5868 5869 5894 5911 5955 5961 5977 5980 5981 6024 6073 6098 6134 6155 6199 6305 6309 6311 6339 6374 6412 6422 6429 6494 6586 6620 6645 6703 6714 6733 6959 7003 7038 7063 7079 7083 7122 7123 7156 7169 7180 7184 7266 7270 7297 7343 7452 7472 7545 7582 7659 7679 7727 7851 7862 7869 7871 7910 7919 7933 7934 8007 8130 8136 8168 8177 8200 8205 8206 8266 8287 8305 8391 8418 8420 8427 8461 8528 8564 8641 8773 8798 8805 8839 8859 8887 8940 8960 8969 9038 9079 9081 9095 9126 9127 9135 9278 9287 9355 9359 9398 9451 9461 9472 9519 9568 9626 9642 9697 9699 9712 9737 9767 9774 9801 9805 9829 9832 9859 14403 14433 14510 14511 14528 14551 14557 14558 14562 14566 14573 14576 14577 14584 14586 14599 14600 14606 14617 14619 14620 14622 14624 14629 14639 14640 14644 14652 14653 14654 14656 14657 14660 14661 14662 14665 14669 14679 14680 14684 14685 14686 14688 14697 14706 14709 14710 14712 14714 14723 14725 14734 14736 14737 14739 14747 14748 14750 14751 14756 14759 14761 14764 14765 14766 14772 14775 14777 14779 14780 14781 14782 14785 14786 14791 14793 14796 14797 14798 14803 14805 14806 14808 14812 14816 14822 14823 14826 14828 14830 14833 14837 14846 14847 14848 14851 14858 14859 14864 14869 14871 14874 14875 14876 14880 14883 14884 14885 14887 14889 14892 14893 14899 14903 14907 14910 14911 14915 14922 14924 14931 14933 14936 14937 14938 14941 14943 14948 14958 15000 15011 15022 17490 17491 17492 17493 
	}
	weather={
	}
}
