
strategic_region={
	id=85
	name="STRATEGICREGION_85"
	provinces={
		9 36 46 107 109 110 119 123 155 156 167 168 174 203 242 243 249 273 320 393 415 419 422 429 457 466 498 565 651 660 675 754 759 761 785 788 821 822 824 839 841 886 907 910 912 917 965 976 1003 1020 1081 1089 1118 1123 1129 1138 1180 1219 1236 1261 1274 1277 1281 1289 1313 1314 1343 1353 1361 1396 1406 1409 1445 1475 1492 1508 1521 1563 1619 1625 1638 1670 1706 1778 1798 1835 1847 1849 1860 1887 1891 1936 1937 1957 1988 2000 2002 2032 2047 2048 2093 2097 2113 2132 2136 2156 2237 2250 2279 2295 2314 2320 2337 2338 2348 2389 2417 2420 2435 2444 2446 2492 2511 2519 2555 2565 2606 2619 2656 2678 2684 2686 2688 2701 2731 2760 2806 2812 2830 2851 2860 2864 2888 2906 2910 2964 2966 2989 3006 3045 3075 3082 3084 3098 3169 3216 3240 3242 3250 3299 3322 3345 3373 3396 3409 3411 3412 3435 3438 3448 3451 3459 3479 3494 3524 3532 3559 3562 3589 3595 3609 3639 3657 3658 3663 3679 3687 3688 3689 3734 3745 3813 3831 3926 3945 4004 4044 4057 4083 4122 4131 4135 4195 4240 4289 4302 4323 4330 4331 4342 4357 4383 4451 4458 4459 4465 4488 4497 4527 4595 4596 4675 4821 4853 4865 4873 4875 4895 4898 4911 4924 4931 4942 4960 4966 4970 4990 4993 4999 5001 5016 5021 5034 5035 5067 5097 5107 5113 5115 5123 5152 5155 5158 5199 5200 5212 5230 5279 5310 5314 5335 5350 5384 5411 5439 5447 5473 5486 5521 5571 5587 5617 5620 5621 5628 5667 5674 5696 5698 5736 5737 5767 5768 5800 5848 5880 5896 5919 5924 5931 5952 6010 6011 6025 6028 6035 6054 6068 6072 6085 6126 6137 6144 6178 6209 6224 6225 6238 6259 6263 6278 6283 6284 6315 6330 6375 6379 6413 6427 6428 6433 6439 6465 6490 6508 6542 6549 6559 6585 6612 6615 6672 6685 6702 6704 6713 6721 6739 6758 6793 6799 6804 6816 6877 6891 6927 6943 6958 6962 6969 6984 6996 7011 7068 7086 7115 7120 7129 7139 7144 7157 7162 7191 7198 7225 7269 7302 7320 7346 7382 7433 7442 7444 7467 7469 7577 7589 7612 7633 7637 7640 7661 7664 7705 7710 7728 7735 7768 7785 7801 7806 7807 7822 7832 7838 7898 7907 7937 7955 7957 7959 7967 7972 7985 7991 7997 7998 8011 8023 8036 8112 8116 8125 8140 8141 8150 8169 8179 8208 8226 8240 8249 8270 8275 8282 8285 8295 8318 8346 8350 8382 8398 8401 8433 8455 8502 8536 8582 8591 8645 8648 8663 8711 8713 8723 8737 8758 8770 8809 8850 8857 8872 8890 8895 8905 8913 8917 8920 8938 8956 8964 8989 9014 9032 9143 9145 9154 9158 9178 9182 9203 9206 9236 9246 9280 9293 9297 9326 9348 9378 9382 9383 9410 9440 9443 9484 9509 9581 9598 9599 9602 9605 9673 9677 9678 9721 9736 9739 9747 9754 9756 9762 9773 9794 9797 9823 9874 11075 11136 11244 11252 11289 11300 11354 11373 11391 11395 11401 11406 11413 11431 11435 11456 11467 11472 11473 11490 11499 11500 11501 11506 11508 11509 11523 11531 11534 11554 11560 11571 11585 11591 11608 11618 11619 11625 11650 11658 11659 11696 11701 11707 11720 11729 11738 11748 11763 11775 11791 11797 11800 11830 11831 11857 11893 11911 11922 11933 11953 11969 11977 11984 11988 11999 12000 12001 12012 12014 12021 12029 12030 12036 12039 12048 12056 12063 12070 12071 12098 12102 12120 12124 12126 12142 12143 12144 12159 12161 12174 12197 12206 12212 12217 12228 12237 12241 12254 12262 12263 12264 12290 12302 12318 12337 12352 12357 12358 12367 12375 12382 12383 12386 12403 12413 12419 12422 12430 12431 12444 12452 12458 12462 12468 12469 12470 12476 12478 12486 12494 12495 12496 12503 12511 12532 12549 12567 12582 12589 12600 12611 12615 12638 12643 12644 12655 12656 12661 12668 12688 12701 12705 12706 12707 12714 12718 12727 12746 12757 12759 12762 12783 12784 12793 12794 12812 12830 12866 12873 12887 12890 12908 12915 12916 12931 12944 12949 12958 12961 12962 12968 12973 12976 12977 12981 12995 13000 13003 13004 13013 13015 13017 13022 13031 13041 13043 13054 13055 13056 13067 13088 13091 13104 13109 13115 13131 13134 13151 13154 13162 13171 13177 13180 13181 13182 13188 13192 13197 13212 13218 13219 13227 13236 13240 13242 13245 13257 13269 13292 13301 13325 13326 13336 13364 13454 13471 13508 17386 17391 17397 17405 17408 17409 17410 17411 17412 17414 17415 17416 17417 17420 17421 17422 17423 17424 17430 
	}
	weather={
	}
}
