
strategic_region={
	id=87
	name="STRATEGICREGION_87"
	provinces={
		382 723 735 1380 1536 1714 1975 2117 2375 2577 2743 3156 3171 3452 3500 4013 4356 4695 4884 4937 4941 5009 5306 5359 5527 5741 5772 5862 6053 6094 6203 6364 6403 6493 6515 6657 6671 6783 6866 6900 6909 7004 7108 7179 7231 7328 7430 7697 7700 7835 7846 7926 8069 8109 8131 8253 8731 8761 8771 8824 8936 8970 9011 9548 9782 9822 11403 11479 11486 11533 11535 11536 11556 11592 11598 11632 11633 11653 11656 11702 11705 11758 11776 11880 11909 11918 11997 12045 12072 12096 12103 12117 12127 12134 12238 12266 12282 12292 12307 12321 12326 12333 12349 12394 12399 12427 12437 12445 12454 12479 12480 12483 12487 12488 12510 12515 12516 12519 12540 12545 12557 12566 12568 12578 12579 12610 12616 12617 12633 15070 15072 15073 15074 15075 15076 15079 15083 15102 
	}
	weather={
	}
}
