
strategic_region={
	id=30
	name="STRATEGICREGION_30"
	provinces={
		85 632 674 684 1157 1291 1503 1514 1837 1848 1867 1983 2019 2162 2198 2222 2267 2418 2461 3186 3374 3443 3581 3592 3667 3744 3940 4103 4244 4274 4804 4871 4894 5023 5066 5069 5416 5776 5958 5988 6152 6179 6343 6813 6924 7509 7632 7733 7829 8081 8174 8227 8278 8352 8501 8532 8894 8992 9157 9257 9327 9328 9510 9635 9659 9704 9807 9809 11091 11103 11109 11120 11123 11132 11134 11150 11171 11177 11241 11332 11333 11349 11367 11380 11400 11412 11417 11433 11434 11444 11447 11452 11454 11471 11475 11476 11513 11521 11546 11564 11565 11570 11584 11607 11612 11615 11631 11639 11640 11648 11655 11677 11682 11699 11730 
	}
	weather={
	}
}
