
state={
	id=417
	name="STATE_417"
	provinces={
		42 804 1148 1173 1584 1984 2016 2456 3226 3291 3635 3890 3916 4355 4523 4781 4795 5288 5383 5758 6095 6170 6468 6520 6540 6577 6593 6695 6718 7340 7455 7478 7486 7625 7626 7978 8184 8212 8214 8428 8646 8682 8818 8841 8904 8910 9129 9401 9408 9520 9675 12251 12270 12280 12281 12299 12300 12309 12319 12325 12339 12340 12348 12359 12363 12377 12378 12397 12398 12410 12415 12416 12423 12434 12442 12463 12472 12490 12497 12504 12508 12525 12527 12538 12551 12552 12554 12559 12577 12583 12590 12592 12609 12613 12622 12626 12647 17425 
	}
	manpower=1
	buildings_max_level_factor=1.000
		history={
		owner = WRC
		add_core_of = WRC
		victory_points = {

		}

	}
}
