
state={
	id=418
	name="STATE_418"
	provinces={
		45 207 812 1037 2885 3348 3540 4192 4221 4279 4974 4994 5471 5646 6114 6454 6701 6738 7211 7247 7673 7927 7974 8019 8276 8923 9354 9483 9608 9830 12640 12663 12679 12708 12724 12734 12741 12752 12753 12774 12788 12808 12833 12839 12857 12867 12879 12883 12888 12891 12920 12923 12927 12959 12966 12970 12972 17429 17431 17434 17447 17450 17452 17453 
	}
	
	manpower=1
	buildings_max_level_factor=1.000
	history={
		owner = PGJ
		add_core_of = PGJ
	}
}
