state={
	id=425
	name="STATE_425"
	provinces={
		49 152 349 669 984 1149 1241 1262 1355 1630 1653 2071 2082 2120 2382 2455 2550 3034 3114 3290 3432 3705 3845 4129 4178 4225 4270 4295 4555 4957 5406 5593 5686 5792 5971 6015 6030 6096 6168 6280 6313 6347 6471 6480 6517 6656 6788 6821 6873 7159 7237 7310 7349 7379 7493 7504 7902 8210 8236 8523 8571 8679 8760 8864 8926 9030 9289 9865 9886 13313 13330 13354 13401 13438 13495 13530 13552 13553 13571 13572 13580 13585 13596 13604 13619 13620 13627 13650 13664 13683 13689 13698 13699 13702 13709 13721 13729 13731 13742 13746 13747 13753 13778 13786 13796 13801 13803 13809 13829 13837 13852 13859 13860 13864 13866 13871 13878 13879 13894 13895 13914 13915 13937 13953 13967 14007 
	}
	manpower=1
	buildings_max_level_factor=1.000
    history={
		owner = SWU
		add_core_of = SWU
	}
}
