
state={
	id=426
	name="STATE_426"
	provinces={
		103 140 281 361 391 399 479 480 499 626 649 685 700 874 892 956 977 981 998 1268 1306 1311 1370 1408 1524 1622 1760 1834 1881 1893 1948 2089 2274 2311 2315 2374 2380 2398 2415 2437 2915 3013 3143 3241 3353 3513 3530 3607 3634 3651 3653 3749 4065 4380 4464 4522 4537 4634 4716 4757 4788 5088 5194 5463 5530 5603 5903 6021 6149 6331 6336 6578 6587 6755 7491 7550 8057 8058 8143 8213 8256 8319 8376 8548 8942 8973 9055 9122 9169 12586 12588 12614 12667 12693 12730 12819 12845 12907 12914 12924 12948 12957 12967 13009 13028 13039 13095 13127 13130 13140 13153 13191 13224 13239 13333 17419 17426 17432 17438 17440 17441 17442 17443 17444 17448 17449 17454 17455 17456 17457 17459 17461 17462 17463 17465 17466 17468 17476 17479 
	}
	manpower=0
	buildings_max_level_factor=1.000
}
