state={
	id=433
	name="STATE_433"
	provinces={
		1053 1250 1473 1712 2074 2270 2943 3012 3394 3576 3868 4116 4261 4445 4597 4650 4872 4914 4935 5014 5355 5542 5738 5759 5794 5841 6080 6888 7244 7958 8030 8619 8644 9432 9470 9871 9894 11935 12049 12060 12091 12095 12121 12137 12162 12221 12222 12265 12268 12279 12298 12315 12338 12376 12404 12414 12420 12449 12471 12517 12522 12544 12550 12576 12587 12625 
	}
	manpower=1
	buildings_max_level_factor=1.000
		history={
		owner = WRC
		add_core_of = WRC
		victory_points = {

		}

	}
}
