
state={
	id=436
	name="STATE_436"
	provinces={
		293 848 1699 1812 2176 2786 3229 3347 3383 3469 3564 5111 5234 5405 5546 5652 5853 5990 5997 6107 6217 6436 6991 6997 7796 8105 8322 8400 8491 8584 8599 8840 9196 9270 9371 9907 12747 12767 12772 12777 12787 12799 12813 12823 12832 12861 12875 12876 12877 12885 12902 12918 12925 12926 12936 12946 12963 12964 12965 12974 12989 13011 13019 13020 13052 13058 13060 13093 13124 13126 13165 17446 17451 17460 17469 
	}
	manpower=0
	buildings_max_level_factor=1.000
}
