state={
	id=437
	name="STATE_437"
	provinces={
		226 472 1232 1245 1896 2086 2116 2616 2856 2937 3761 4074 4296 4823 5154 5329 5537 5704 5799 5876 6079 6329 6759 7060 7214 7451 7588 7681 7687 7703 7949 8089 8239 8296 8434 8722 9109 9489 9808 13148 13184 13193 13203 13205 13237 13238 13255 13260 13274 13275 13276 13279 13295 13298 13311 13321 13327 13331 13337 13348 13349 13375 13376 13404 13419 13430 13448 13486 13498 13531 13532 13577 13629 13656 13703 13732 17472 17480 17481 
	}
	manpower=1
	buildings_max_level_factor=1.000
    history={
		owner = JXI
		add_core_of = JXI
	}
}
