state={
	id=438
	name="STATE_438"
	provinces={
		113 353 413 483 1307 1802 2327 2384 2532 2917 2968 3028 3279 3517 3551 3681 3722 3775 3864 4360 4428 4709 5129 5413 5656 5747 5929 5969 5972 5974 6016 6108 6109 6157 6276 6382 7059 7098 7490 7645 7984 7996 8632 8769 8780 8962 9059 9098 9137 9251 9353 9358 9558 9725 9780 9836 13174 13183 13198 13213 13220 13222 13230 13243 13246 13252 13262 13272 13284 13294 13302 13305 13310 13314 13335 13338 13341 13343 13355 13359 13368 13380 13393 13412 13422 13443 13444 13455 13459 13478 13479 13485 13510 13527 13540 13551 13565 13628 13644 13693 17474 17475 17477 17478 
	}
	manpower=1
	buildings_max_level_factor=1.000
    history={
		owner = CHG
		add_core_of = CHG
	}
}
