
state={
	id=452
	name="STATE_452"
	provinces={
		6 39 53 77 128 202 258 416 424 486 507 516 551 579 603 718 844 852 873 958 1034 1088 1127 1211 1348 1373 1398 1516 1644 1759 1777 1829 1945 2197 2221 2307 2433 2491 2515 2655 2704 2834 2854 3046 3112 3166 3277 3366 3460 3754 3852 3963 4040 4097 4101 4375 4392 4482 4668 4773 4805 4926 5240 5367 5379 5732 5788 5864 6017 6083 6243 6298 6648 6749 6896 7006 7213 7259 7525 7646 8092 8437 8497 9240 9735 9787 9863 9872 9922 9928 9929 9930 9934 9937 9947 9949 9952 9967 9968 9972 9994 9996 10005 10014 10029 10034 10043 10053 10083 10088 10090 10106 10115 
	}
	manpower=0
	buildings_max_level_factor=1.000
	history={
		owner = YAK
		add_core_of = YAK
	}
}
