
state={
	id=575
	name="STATE_575"
	provinces={
		1011 1303 1470 1661 1968 2045 2186 2498 2505 3716 3867 3911 3930 4171 4569 4607 4764 4912 4943 5011 5215 5558 5752 5756 5922 5967 6057 6116 6183 6622 6684 6728 7279 7291 7322 7399 7556 7618 7692 7744 8003 8366 8394 8734 8959 9010 9277 9290 9384 9575 9849 12760 12776 12801 12802 12817 12820 12827 12838 12865 12868 12870 12871 12889 12912 12922 12929 12950 12955 12956 12969 12984 12985 12987 12988 13026 13029 13034 13049 13070 13089 13098 13111 13112 13121 13129 13139 13144 13146 13152 13159 13160 13215 13249 13267 13270 13288 13300 
	}
	manpower=1
	buildings_max_level_factor=1.000
}
