state={
	id=583
	name="STATE_583"
	history={
		owner = IND
		add_core_of = IND
	}
	provinces={
		177 635 752 776 992 1395 2514 2612 2758 3027 3610 3834 4021 4042 4048 4260 4338 4349 4829 4850 4890 5045 5112 5116 5348 5469 5559 5600 5725 5763 5858 5886 5987 6082 6383 6438 6484 6724 6761 6936 6981 7084 7148 7429 7450 7738 7783 7797 7994 8080 8124 8197 8204 8234 8289 8339 8393 8498 8531 8569 8971 9163 9261 9295 9318 9482 9646 9728 9784 9850 13173 13179 13196 13211 13248 13268 13271 13296 13308 13309 13317 13328 13340 13347 13366 13382 13385 13386 13397 13403 13410 13411 13421 13423 13426 13429 13431 13434 13442 13447 13452 13462 13463 13466 13477 13483 13493 13512 13515 13519 13520 13528 13535 13543 13555 13559 13568 13569 13574 13582 13583 13592 13593 13601 13602 13603 13624 13630 13639 13640 13657 13662 13674 13675 13712 13727 13791 
	}
	manpower=1
	buildings_max_level_factor=1.000
}
