state={
	id=587
	name="STATE_587"
	history={
		owner = IND
		add_core_of = IND
	}
	provinces={
		217 558 662 664 728 978 989 1017 1266 1287 1329 1482 1588 1747 2674 2708 2736 2882 3413 3844 4167 4264 4343 4506 4532 4637 5390 5431 5451 5769 5826 5857 5963 6208 6214 6241 6376 6386 6621 6722 6809 7371 7441 7544 7573 7607 7665 7968 8027 8086 8293 8513 8718 8741 8867 9049 9118 9281 9582 14229 14238 14245 14248 14251 14260 14261 14266 14268 14275 14278 14284 14289 14297 14298 14300 14307 14310 14311 14312 14313 14316 14317 14323 14328 14333 14337 14344 14347 14354 14358 14365 14367 14368 14374 14375 14378 14387 14390 14398 14406 14413 14435 14452 14458 14463 14467 14472 14480 14496 14501 14517 14536 14549 
	}
	manpower=1
	buildings_max_level_factor=1.000
}
