
state={
	id=590
	name="STATE_590"
	provinces={
		1164 1405 1504 1600 2819 2949 4140 4238 4470 4542 4907 4919 5037 5128 5204 5460 5602 5740 6031 6404 6669 6807 6818 6883 6948 6951 6986 7666 7668 7776 7931 7977 7981 8159 8231 8338 8410 8464 8534 8830 8966 9164 9186 9338 9421 9435 9495 9870 14283 14332 14340 14351 14352 14357 14362 14389 14416 14424 14428 14436 14442 14449 14483 14487 14498 14508 14524 14537 14543 14545 14548 14560 14574 14579 14581 14589 14596 14605 14607 14609 14618 14625 14647 
	}
	manpower=0
	buildings_max_level_factor=1.000
}
