
state={
	id=592
	name="STATE_592"
	provinces={
		117 276 372 595 640 931 932 1819 1981 2203 2512 2528 2948 3623 3636 4215 4686 4954 5302 5342 5419 5590 5629 5770 6081 6104 6136 6140 6142 6172 6176 6249 6252 6323 6461 6504 6774 6796 6862 7223 7262 7704 7736 7824 7962 8265 8379 8454 8550 8742 8748 8764 8812 9026 9638 9689 9779 9806 9839 9906 14072 14076 14082 14085 14087 14091 14092 14098 14099 14112 14114 14120 14121 14127 14128 14129 14136 14139 14140 14148 14155 14165 14166 14169 14170 14171 14173 14175 14189 14192 14193 14201 14208 14213 14214 14219 14221 14227 14228 14230 14234 14236 14239 14243 14244 14247 14252 14253 14258 14262 14264 14274 14277 14280 14286 14287 14288 14294 14302 14305 14306 14309 14315 14325 14356 14388 14397 
	}
	manpower=1
	buildings_max_level_factor=1.000
}
