
state={
	id=593
	name="STATE_593"
	provinces={
		56 1286 1532 1688 2028 2196 2305 2779 2976 3146 3400 3402 3586 3903 4718 4722 4975 5287 5435 5978 6026 7052 7130 7338 7413 7424 7488 7532 7816 8261 8621 8638 8659 8661 8796 8808 9027 9033 9199 9204 9477 9669 13790 13794 13800 13807 13822 13827 13839 13844 13867 13897 13898 13903 13907 13913 13917 13935 13940 13946 13948 13965 13973 13985 13986 13998 14005 14026 14027 14049 14053 14054 14055 14086 14097 14108 14130 
	}
	manpower=1
	buildings_max_level_factor=1.000
}
