
state={
	id=597
	name="STATE_597"
	provinces={
		75 823 1102 1220 1599 1717 1744 1794 1925 1980 2130 2341 2381 2395 2782 2868 3144 3423 3461 3633 3685 3951 4022 4090 4125 4184 4188 4252 4322 4728 4738 5032 5049 5070 5284 5344 5540 5549 5564 5623 5631 5689 5927 6223 6272 6458 6640 6780 7097 7323 7516 7922 8083 8175 8181 8189 8325 8345 8359 8452 8600 8667 8820 8836 8871 8928 8932 9076 9100 9167 9504 9633 9657 9761 9783 13488 13505 13595 13623 13638 13706 13707 13737 13751 13752 13774 13780 13797 13818 13823 13824 13828 13832 13846 13869 13872 13885 13886 13887 13892 13910 13918 13927 13930 13941 13955 13956 13959 13966 13970 13974 13981 13987 13996 13999 14000 14028 14036 14064 
	}
	manpower=1
	buildings_max_level_factor=1.000
}
