
state={
	id=76
	name="STATE_76"

	history={
		owner = GUL
		add_core_of = GUL
                add_core_of = CUM
	}

	provinces={
		21 149 232 270 313 410 411 694 792 820 1030 1069 1107 1443 1463 1716 1731 1826 2475 2794 3220 3282 3352 3753 3778 3974 4009 4027 4350 4586 4756 5103 5225 5918 6354 6698 6976 7055 7294 7484 7487 7707 7758 7769 8414 9904 10038 10066 10075 10084 10109 10120 10132 10136 10255 10283 10288 10317 10330 10363 10558 10740 15047 
	}
	manpower=1
	buildings_max_level_factor=1.000
}
