
state={
	id=81
	name="STATE_81"
	provinces={
		73 101 210 244 246 277 534 547 594 600 796 816 834 860 1189 1265 1339 1696 1748 1918 2121 2214 2503 2530 2597 2762 2811 3015 3060 3182 3254 3380 3543 3561 3801 3835 3877 4159 4429 4581 4610 5039 5131 5197 5237 5249 5349 5424 5680 5715 5726 5915 5985 6048 6237 6292 6507 6847 6916 6979 7010 7217 7617 7649 7831 7917 8375 9036 9412 9876 10172 10178 10184 10185 10195 10205 10215 10231 10249 10251 10269 10293 10307 10311 10334 10408 10428 10453 10511 10564 10596 17326 17331 
	}
	manpower=0
	buildings_max_level_factor=1.000
}
