
strategic_region={
	id=83
	name="STRATEGICREGION_83"
	provinces={
		49 74 83 105 113 126 152 226 325 349 353 413 446 472 483 638 669 703 850 865 905 984 1057 1113 1149 1232 1237 1241 1245 1262 1307 1355 1425 1448 1520 1630 1637 1653 1687 1783 1802 1836 1896 1939 1964 2027 2050 2071 2082 2086 2116 2120 2149 2181 2248 2327 2345 2382 2384 2455 2532 2550 2563 2571 2572 2616 2673 2687 2690 2692 2728 2746 2781 2796 2802 2856 2917 2937 2968 3028 3034 3114 3135 3184 3189 3192 3244 3279 3290 3361 3410 3432 3434 3517 3551 3627 3664 3681 3705 3722 3751 3761 3775 3845 3864 3893 3931 3936 3990 3996 4036 4074 4087 4095 4121 4129 4178 4219 4225 4270 4295 4296 4327 4360 4376 4428 4444 4472 4512 4544 4555 4645 4696 4709 4753 4812 4823 4836 4845 4891 4957 4991 5063 5078 5098 5129 5154 5169 5323 5329 5395 5406 5413 5428 5478 5528 5537 5593 5648 5656 5670 5686 5687 5704 5710 5747 5750 5762 5792 5799 5842 5859 5876 5890 5929 5968 5969 5971 5972 5974 6015 6016 6030 6079 6096 6108 6109 6112 6121 6130 6157 6168 6193 6236 6276 6280 6313 6329 6347 6361 6382 6390 6471 6480 6498 6517 6573 6599 6600 6614 6656 6726 6730 6759 6788 6798 6821 6835 6848 6860 6873 6918 7001 7002 7059 7060 7076 7093 7098 7159 7208 7214 7237 7293 7310 7319 7345 7349 7379 7451 7490 7493 7504 7540 7553 7588 7611 7645 7652 7675 7678 7681 7687 7703 7715 7747 7788 7802 7840 7876 7890 7902 7949 7984 7996 8033 8087 8089 8161 8164 8188 8210 8236 8239 8296 8315 8434 8448 8479 8519 8523 8571 8572 8580 8590 8604 8607 8632 8679 8705 8722 8751 8760 8769 8780 8781 8829 8864 8870 8916 8926 8962 9028 9030 9059 9073 9098 9109 9111 9132 9137 9180 9181 9209 9241 9250 9251 9289 9301 9332 9353 9358 9366 9377 9439 9442 9460 9489 9494 9532 9539 9558 9569 9630 9637 9671 9725 9752 9780 9790 9808 9836 9865 9886 13148 13174 13183 13184 13193 13198 13203 13205 13213 13220 13222 13230 13237 13238 13243 13246 13252 13255 13260 13262 13272 13273 13274 13275 13276 13279 13284 13290 13293 13294 13295 13298 13302 13305 13310 13311 13313 13314 13319 13320 13321 13327 13330 13331 13334 13335 13337 13338 13341 13343 13348 13349 13354 13355 13359 13367 13368 13369 13375 13376 13379 13380 13384 13391 13393 13398 13401 13404 13412 13417 13418 13419 13422 13430 13435 13438 13439 13443 13444 13448 13450 13455 13459 13468 13472 13478 13479 13480 13485 13486 13495 13496 13497 13498 13499 13509 13510 13522 13523 13527 13530 13531 13532 13540 13547 13548 13551 13552 13553 13564 13565 13571 13572 13573 13576 13577 13580 13585 13586 13591 13596 13599 13604 13605 13607 13614 13617 13619 13620 13625 13627 13628 13629 13636 13643 13644 13650 13651 13652 13656 13664 13665 13672 13677 13678 13683 13684 13689 13692 13693 13698 13699 13702 13703 13704 13709 13710 13715 13717 13721 13722 13729 13731 13732 13734 13742 13746 13747 13750 13753 13754 13755 13759 13765 13770 13771 13778 13779 13782 13786 13787 13793 13796 13799 13801 13803 13804 13805 13809 13810 13820 13821 13829 13830 13837 13842 13847 13848 13852 13853 13854 13859 13860 13861 13864 13866 13871 13875 13878 13879 13880 13881 13888 13889 13894 13895 13896 13905 13906 13914 13915 13916 13920 13921 13924 13931 13932 13934 13937 13939 13947 13949 13953 13954 13963 13967 13968 13971 13975 13984 13988 13997 14003 14007 14008 14019 14029 14032 14034 14038 14040 14041 14042 14051 14056 14057 14059 14070 14117 14188 14195 14204 14212 14225 14249 14256 17472 17474 17475 17477 17478 17480 17481 17482 
	}
	weather={
	}
}
