
state={
	id=961
	name="STATE_961"
	provinces={
		98 173 280 340 678 1090 1356 1671 1722 1792 1833 2353 2366 2371 2462 2654 2839 3041 3208 3541 3706 3789 3901 3946 3968 4308 4416 4540 4737 4746 4782 4856 4988 5228 5331 5360 5693 5832 5878 6090 6264 6269 6554 6583 6598 7629 7630 7685 7688 8002 8151 8196 8219 8244 9043 9682 13381 13460 13482 13511 13566 13578 13588 13621 13632 13637 13690 13725 13763 13784 13813 13826 13855 13876 13901 13902 13912 13995 14009 14039 14074 14102 
	}
	history={
		owner = BHR
		add_core_of = BHR
	}	
	manpower=1988506
	buildings_max_level_factor=1.000
	state_category=pastoral
}
